   | 0  1  2  3  4  5  6  7  8  9 
---------------------------------
 0 | 0 10  3  4 12  -  -  9  1  - 
 1 |10  0 11  2  -  3  2  - 14  2 
 2 | 3 11  0  -  8  1 11  6  4  - 
 3 | 4  2  -  0  1  9  6  4  -  2 
 4 |12  -  8  1  0  -  -  2  8  4 
 5 | -  3  1  9  -  0  5  6  3 10 
 6 | -  2 11  6  -  5  0  -  3  7 
 7 | 9  -  6  4  2  6  -  0  -  9 
 8 | 1 14  4  -  8  3  3  -  0  - 
 9 | -  2  -  2  4 10  7  9  -  0 
Graf je neorientovany

   | 0  1  2  3  4  5  6  7  8  9 
---------------------------------
 0 | 0  6  3  4  5  4  4  7  1  6 
 1 | 6  0  4  2  3  3  2  5  5  2 
 2 | 3  4  0  6  7  1  6  6  4  6 
 3 | 4  2  6  0  1  5  4  3  5  2 
 4 | 5  3  7  1  0  6  5  2  6  3 
 5 | 4  3  1  5  6  0  5  6  3  5 
 6 | 4  2  6  4  5  5  0  7  3  4 
 7 | 7  5  6  3  2  6  7  0  8  5 
 8 | 1  5  4  5  6  3  3  8  0  7 
 9 | 6  2  6  2  3  5  4  5  7  0 

   | 0  1  2  3  4  5  6  7  8  9 
---------------------------------
 0 | -  3  0  0  3  2  8  4  0  3 
 1 | 3  -  5  1  3  1  1  4  6  1 
 2 | 2  5  -  1  3  2  5  2  2  1 
 3 | 3  3  5  -  3  1  1  4  0  3 
 4 | 3  3  5  4  -  1  1  4  0  3 
 5 | 2  5  5  1  3  -  5  5  5  1 
 6 | 8  6  5  1  3  6  -  4  6  1 
 7 | 3  3  7  4  7  7  1  -  0  3 
 8 | 8  6  8  0  3  8  8  4  -  3 
 9 | 3  9  5  9  3  1  1  4  0  - 
