15d14
< Vzdalenosti:
21,22c20,21
<  3 | 4  2  2  0  1  3  4  3  4  2 
<  4 | 5  3  3  1  0  4  5  2  5  3 
---
>  3 | 4  2  2  0  1  3  4  3  5  2 
>  4 | 5  3  3  1  0  4  5  2  6  3 
25c24
<  7 | 7  5  5  3  2  6  7  0  7  5 
---
>  7 | 7  5  5  3  2  6  7  0  8  5 
29d27
< Predchudci:
33c31
<  1 | 1  -  1  1  5  2  1  4  0  1 
---
>  1 | 1  -  1  1  3  2  1  4  0  1 
35,37c33,35
<  3 | 3  3  1  -  3  2  1  4  9  3 
<  4 | 3  3  1  4  -  2  1  4  9  3 
<  5 | 2  5  5  4  5  -  5  4  5  3 
---
>  3 | 3  3  1  -  3  2  1  4  0  3 
>  4 | 3  3  1  4  -  2  1  4  0  3 
>  5 | 2  5  5  4  5  -  5  4  5  1 
39c37
<  7 | 3  3  1  4  7  7  1  -  9  3 
---
>  7 | 3  3  1  4  7  7  1  -  0  3 
